61,7
495,69
0,353
0,352
0,351
0,344
0,343
0,341
0,338
0,335
0,332
0,331
0,329
0,328
0,326
0,323
0,322
0,243
495,68
495,1
495,3
0,380
495,0
0,310
0,305
439,1
439,3
439,0
438,1
438,3
438,0
437,1
437,3
437,0
436,1
436,3
436,0
435,1
435,3
435,0
434,1
434,3
434,0
433,1
433,3
433,0
432,1
432,3
432,0
431,1
431,3
431,0
430,1
430,3
430,0
428,1
428,3
428,0
429,1
429,3
429,0
424,1
424,3
424,0
423,1
423,3
423,0
422,1
422,3
422,0
421,1
421,3
421,0
420,1
420,3
420,0
419,1
419,3
419,0
418,1
418,3
418,0
417,1
417,3
417,0
416,1
416,3
0,370
416,0
415,1
415,3
415,0
414,1
414,3
0,464
0,360
414,0
0,348
0,9
0,379
0,363
0,489
0,472
0,455
0,450
0,446
0,432
0,466
0,465
0,453
0,501
0,478
0,461
0,460
0,349
0,308
0,304
0,303
0,302
0,307
0,444
0,12
0,373
0,10
0,452
0,8
0,0
0,428
0,300
0,490
0,299
0,484
0,298
0,401
0,297
0,301
0,296
0,295
0,436
0,294
0,438
0,293
0,425
0,292
0,409
0,291
0,375
0,290
0,405
0,289
0,495
0,288
0,435
0,287
0,350
0,286
0,506
0,285
0,366
0,284
0,400
0,283
0,282
0,365
0,281
0,434
0,280
0,364
0,279
0,386
0,278
0,423
0,277
0,421
0,276
0,355
0,357
0,361
0,369
0,374
0,376
0,387
0,389
0,392
0,399
0,406
0,411
0,415
0,416
0,427
0,443
0,447
0,448
0,451
0,456
0,457
0,459
0,474
0,480
0,485
0,486
0,502
1,0
1,2
1,3
1,5
1,7
2,0
2,2
2,3
2,6
2,8
2,9
2,11
2,12
2,14
2,15
2,17
2,19
2,20
2,22
2,23
2,25
2,27
2,28
2,30
2,31
2,33
2,35
2,64
2,66
2,67
2,69
2,70
2,72
4,0
2,74
2,76
4,3
2,79
4,1
2,81
2,83
2,84
2,86
2,87
2,90
2,92
2,95
2,101
2,102
2,109
2,113
2,114
2,116
2,128
3,1
3,2
3,4
3,6
4,2
24,1
24,3
24,5
24,7
24,8
25,0
25,1
25,3
25,5
25,6
25,8
25,9
25,11
25,12
25,14
25,16
25,17
25,19
25,20
25,22
25,24
25,25
26,1
26,3
26,5
26,16
26,21
28,1
28,2
28,4
28,5
28,7
29,1
29,3
31,0
31,1
31,4
33,0
33,3
34,0
34,1
34,3
34,4
35,0
35,2
35,3
35,5
35,6
36,0
36,1
36,3
36,5
36,6
36,8
36,9
37,1
37,4
38,0
38,2
38,3
39,0
39,3
39,4
40,1
40,2
40,4
40,5
41,1
41,4
41,5
42,1
42,3
42,5
43,1
43,3
43,5
43,6
43,10
43,11
43,15
48,1
48,3
48,5
48,6
49,1
49,4
49,6
50,0
50,1
50,4
50,5
51,0
51,3
51,4
51,6
51,7
52,1
52,4
52,5
53,1
53,3
53,5
54,1
54,3
54,5
55,0
55,3
55,5
55,7
55,9
56,0
56,3
56,4
56,6
57,1
57,3
58,0
58,1
58,4
58,5
59,1
59,4
60,0
60,2
60,3
61,0
61,2
61,3
61,5
61,6
61,8
62,0
62,2
62,4
62,5
62,7
62,8
62,10
62,12
62,13
62,15
62,16
62,18
63,0
63,2
63,4
63,5
64,1
64,2
64,4
64,6
65,0
65,3
65,4
66,1
66,4
75,0
75,3
75,5
76,1
76,2
76,4
76,6
78,0
78,3
78,4
78,6
78,8
78,9
78,11
79,0
79,3
79,4
80,0
80,3
80,4
81,0
81,1
81,4
82,0
82,1
82,4
82,5
83,1
83,2
83,4
83,6
83,7
83,9
83,10
84,1
84,4
84,5
84,8
84,9
84,11
84,13
84,14
84,16
84,17
84,19
84,20
84,22
84,24
84,27
84,29
84,30
84,32
84,35
84,36
84,38
84,39
84,41
85,0
85,3
85,5
85,6
86,1
86,2
86,4
87,0
87,1
88,0
88,1
89,0
89,1
89,4
90,1
90,2
90,4
90,5
90,7
91,1
91,3
91,6
91,7
102,1
117,0
117,1
117,4
117,5
118,1
118,2
118,4
118,6
118,7
118,9
118,10
118,12
119,1
119,3
119,5
119,6
121,0
121,1
121,3
121,5
121,6
121,8
121,9
122,1
122,3
122,4
122,6
122,7
122,9
122,10
126,0
126,3
127,0
127,3
128,0
128,3
128,5
128,7
130,1
130,3
130,5
130,7
131,1
131,5
132,0
132,3
132,5
133,1
133,4
133,6
134,1
134,3
135,1
135,4
136,0
136,3
136,6
137,1
137,3
139,0
139,2
139,3
139,5
140,0
140,3
141,0
141,1
147,0
147,1
148,0
148,1
148,3
148,5
148,6
148,8
148,9
148,11
149,0
149,1
149,4
151,0
151,3
152,0
152,3
153,1
153,3
155,1
155,3
156,0
156,2
156,3
156,5
156,6
157,1
157,4
157,5
158,0
158,1
158,4
159,0
159,3
160,1
160,3
160,5
160,6
160,8
160,10
160,12
162,1
162,3
163,0
163,1
163,5
166,1
166,3
167,0
167,1
168,0
168,3
169,0
169,3
169,5
169,7
173,0
173,3
173,5
176,0
176,3
177,0
177,3
178,1
178,3
180,0
180,1
180,6
184,0
184,3
184,5
190,0
190,3
192,0
192,3
194,0
194,1
194,4
197,0
197,3
200,0
200,1
201,0
201,1
201,4
203,0
203,3
203,5
203,6
204,1
204,3
209,0
209,3
209,4
210,1
210,3
211,0
211,1
211,4
214,1
214,3
218,0
218,1
221,0
221,3
221,4
222,1
222,3
224,0
224,1
224,4
233,0
233,1
233,4
233,5
234,0
234,3
234,4
235,1
235,3
237,1
242,0
242,1
242,5
242,6
247,1
247,3
247,6
253,1
253,3
256,1
256,3
285,0
285,3
286,0
286,3
286,4
286,7
286,8
287,1
287,4
287,5
288,0
288,1
288,4
288,6
288,7
290,1
290,3
290,6
291,0
291,3
291,6
295,0
295,3
303,0
303,3
320,0
320,1
320,3
320,4
321,1
321,3
322,0
322,3
324,0
324,3
324,4
326,0
326,3
326,7
335,1
335,3
350,1
351,0
351,1
351,5
357,0
357,3
361,0
361,3
361,6
362,0
362,3
362,4
362,7
379,0
379,1
396,0
396,1
396,4
396,7
412,1
412,4
414,4
414,6
414,7
416,4
453,1
453,2
453,4
453,5
453,7
461,0
461,3
467,1
467,3
468,0
468,1
468,5
469,1
469,3
470,1
470,3
484,1
484,4
485,0
485,3
495,2
495,5
495,6
495,8
495,10
495,11
495,13
495,14
495,16
495,18
495,19
495,21
495,22
495,24
495,25
495,27
495,29
495,30
495,32
495,33
495,35
495,37
495,38
495,40
495,41
495,43
495,44
495,46
495,48
495,49
495,51
495,52
495,54
495,56
495,57
495,59
495,60
495,63
495,65
495,66
495,67
495,64
495,61
495,58
495,55
495,53
495,50
495,47
495,45
495,42
495,39
495,36
495,34
495,31
495,28
495,26
495,23
495,20
495,17
495,15
495,12
495,9
495,7
495,4
485,1
484,3
484,0
470,0
469,0
468,3
467,5
467,0
461,1
453,6
453,3
453,0
416,2
414,5
412,3
412,0
396,3
379,3
362,8
362,6
362,1
361,4
361,1
357,1
351,3
350,3
350,0
335,0
326,1
324,5
324,1
322,1
321,6
321,0
320,2
303,4
303,1
295,1
291,4
291,1
290,5
290,0
288,5
288,3
287,7
287,3
287,0
286,5
286,1
285,1
256,4
256,0
253,0
247,4
247,0
242,3
237,3
237,0
235,0
234,1
233,6
233,3
224,6
224,3
222,4
222,0
221,1
218,3
214,4
214,0
211,3
210,4
210,0
209,1
204,4
204,0
203,4
203,1
201,3
200,3
197,4
197,1
194,3
192,4
192,1
190,1
184,4
184,1
180,3
178,5
178,0
177,1
176,1
173,4
173,1
169,6
169,1
168,1
167,3
166,5
166,0
163,3
162,5
162,0
160,9
160,7
160,4
160,0
159,1
158,3
157,6
157,3
157,0
156,4
156,1
155,4
155,0
153,0
152,1
151,1
149,3
148,12
148,10
148,7
148,4
148,2
147,3
141,3
140,4
140,1
139,4
139,1
137,5
137,0
136,1
135,3
135,0
134,0
133,3
133,0
132,1
131,3
131,0
130,4
130,0
128,4
128,1
127,1
126,1
122,11
122,8
122,5
122,2
122,0
121,7
121,4
121,2
119,7
119,4
119,0
118,11
118,8
118,5
118,3
118,0
117,3
102,3
102,0
91,4
91,0
90,6
90,3
90,0
89,3
88,3
87,3
86,5
86,3
86,0
85,4
85,1
84,40
84,37
84,33
84,31
84,28
84,23
84,21
84,18
84,15
84,12
84,10
84,6
84,3
84,0
83,8
83,5
83,3
83,0
82,3
81,5
81,3
80,5
80,1
79,5
79,1
78,10
78,7
78,5
78,1
76,5
76,3
76,0
75,1
66,3
66,0
65,1
64,5
64,3
64,0
63,3
63,1
62,17
62,14
62,11
62,9
62,6
62,3
62,1
61,4
61,1
60,4
60,1
59,3
59,0
58,3
57,6
57,0
56,5
56,1
55,8
55,6
55,1
54,4
54,0
53,4
53,0
52,3
52,0
51,5
51,1
50,6
50,3
49,7
49,3
49,0
48,4
48,0
43,14
43,9
43,4
43,0
42,4
42,0
41,3
41,0
40,3
40,0
39,1
38,4
38,1
37,3
37,0
36,7
36,4
36,2
35,7
35,4
35,1
34,5
34,2
33,4
33,1
31,3
29,4
29,0
28,6
28,3
28,0
26,17
26,4
26,0
25,23
25,21
25,18
25,15
25,13
25,10
25,7
25,4
25,2
24,9
24,6
24,4
24,0
3,5
3,3
3,0
2,115
2,110
2,103
2,96
2,91
2,88
2,85
2,82
2,80
2,77
2,75
2,73
2,71
2,68
2,65
2,34
2,32
2,29
2,26
2,24
2,21
2,18
2,16
2,13
2,10
2,7
2,4
2,1
1,6
1,4
1,1
0,496
0,482
0,479
0,458
0,454
0,449
0,445
0,424
0,412
0,410
0,396
0,388
0,383
0,371
0,358
0,511
0,275
0,313
0,274
0,314
0,273
0,272
0,491
0,271
0,324
0,270
0,385
0,269
0,330
0,268
0,384
0,267
0,368
0,266
0,509
0,265
0,264
0,397
0,263
0,467
0,262
0,470
0,261
0,346
0,260
0,347
0,259
0,418
0,258
0,504
0,257
0,500
0,256
0,488
0,255
0,469
0,254
0,499
0,253
0,422
0,252
0,407
0,251
0,391
0,250
0,362
0,249
0,414
0,248
0,345
0,247
0,321
0,246
0,318
0,245
0,244
0,408
0,242
0,317
0,241
0,306
0,240
0,417
0,239
0,419
0,238
0,312
0,237
0,336
0,236
0,494
0,235
0,382
0,234
0,233
0,354
0,232
0,468
0,231
0,230
0,395
0,229
0,487
0,228
0,430
0,227
0,359
0,226
0,437
0,225
0,413
0,224
0,378
0,223
0,394
0,222
0,398
0,221
0,342
0,220
0,476
0,219
0,508
0,218
0,311
0,217
0,337
0,216
0,507
0,215
0,393
0,214
0,404
0,213
0,356
0,212
0,433
0,211
0,442
0,210
0,426
0,209
0,475
0,208
0,403
0,207
0,381
0,206
0,390
0,205
0,372
0,204
0,377
0,203
0,315
0,202
0,340
0,201
0,333
0,200
0,505
0,199
0,477
0,198
0,339
0,197
0,319
0,196
0,473
0,195
0,420
0,194
0,334
0,193
0,483
0,192
0,503
0,63
0,471
0,62
0,309
0,61
0,316
0,60
0,440
0,59
0,497
0,58
0,402
0,57
0,481
0,56
0,327
0,55
0,498
0,54
0,325
0,53
0,510
0,52
0,320
0,51
0,367
0,50
0,441
0,49
0,493
0,48
0,429
0,47
0,492
0,46
0,439
0,45
0,6
0,5
0,1
0,431
0,11
0,4
0,2
0,3
0,7
